# Calibration for bumblebee serial 19363403
image_width: 640
image_height: 480
camera_name: 19363403
camera_matrix:
  rows: 3
  cols: 3
  data: [540.1296057222021, 0, 353.1270420400484, 0, 537.5441997495992, 185.2101598488492, 0, 0, 1]
distortion_model: plumb_bob
distortion_coefficients:
  rows: 1
  cols: 5
  data: [-0.3277917613118334, 0.09707521657999606, 0.006583350203721895, -0.0006449713326526028, 0]
rectification_matrix:
  rows: 3
  cols: 3
  data: [0.9985941960407355, -0.005409345994742876, -0.05272921969521377, 0.006260065342081744, 0.9998526835601419, 0.01598195105409675, 0.05263499991136911, -0.01628957192475715, 0.9984809495582969]
projection_matrix:
  rows: 3
  cols: 4
  data: [504.8695009657689, 0, 416.3804931640625, -61.94992551790034, 0, 504.8695009657689, 162.5838298797607, 0, 0, 0, 1, 0]
