image_width: 640
image_height: 480
# camera_name: camera/left
camera_name: 19363403
# camera_name: 00b09d010127764b_left
camera_matrix:
  rows: 3
  cols: 3
  data: [578.85942,   0.     , 352.30851,
           0.     , 580.04523, 224.32901,
           0.     ,   0.     ,   1.     ]
distortion_model: plumb_bob
distortion_coefficients:
  rows: 1
  cols: 5
  data: [-0.349525, 0.220634, 0.002999, -0.005074, 0.000000]
rectification_matrix:
  rows: 3
  cols: 3
  data: [ 0.99867728, -0.00079701,  0.05141057,
          0.00076129,  0.99999946,  0.00071434,
         -0.05141111, -0.00067426,  0.99867735]
projection_matrix:
  rows: 3
  cols: 4
  data: [547.27017,   0.     , 320.05873,   0.     ,
           0.     , 547.27017, 222.68021,   0.     ,
           0.     ,   0.     ,   1.     ,   0.     ]
